$ANSIBLE_VAULT;1.2;AES256;prod
35353335363265386661326134653232356363326533633562396665376338333362383437396238
6438633632353731316164383065333266316463633536300a653635393866393966616563343837
66376265316539306236623131666434313231613463346231373036373331623635346137306537
3931366363396635640a386339363864316135333739313334313136396332656339353738316431
38633265376430643030316363313931316537363261333739653837343530663037313030383965
33643065613166393264616535396134393266343337626564623330616438396138333731636365
65643038663636376138373565633665653839333735363465343433336161333832383535333765
35386661393230386636313136626232393736663932373664386165373939333063383335626361
30646637396565343063333832636338666539343133303138393839613534386664626463656335
33326636323537333366303665356265373637656231643536353530393434386137343635373839
34343330333461656139373066653962366565313336313130346666303931383332613662393833
64643763613931613065633766336135626338386338656138623937363730333838306331396666
36613339646430643038383565636163363566386263623863626335316335336635653830636639
61336336303961623932393135343539336364393632653164303839363137623266363431623335
61666339383761623831373030393831333863313263366162326430333537376435383936363165
61636535396664323361333164666534386165303630633138326265333137646235333331386666
38613333663237643135643133343635303039336334326531353235313263386362
